1 2 1
1 3 1
1 6 1
2 1 1
2 3 1
2 4 1
2 7 1
3 1 1
3 2 1
3 8 1
4 2 1
4 7 1
5 6 1
5 13 1
6 1 1
6 5 1
6 7 1
6 8 1
6 10 1
6 13 1
6 15 1
7 2 1
7 4 1
7 6 1
7 8 1
7 9 1
7 12 1
7 17 1
8 3 1
8 6 1
8 7 1
8 10 1
8 11 1
8 12 1
9 7 1
9 18 1
10 6 1
10 8 1
10 11 1
10 13 1
10 14 1
11 8 1
11 10 1
11 12 1
11 14 1
12 7 1
12 8 1
12 11 1
12 14 1
12 17 1
13 5 1
13 6 1
13 10 1
13 14 1
13 16 1
13 17 1
14 10 1
14 11 1
14 12 1
14 13 1
14 17 1
15 6 1
15 16 1
16 13 1
16 15 1
17 7 1
17 12 1
17 13 1
17 14 1
17 18 1
17 19 1
18 9 1
18 17 1
18 19 1
19 17 1
19 18 1
