0  300  400  400  100  100  100  200  400  400  300  
400  0  200  400  300  300  200  300  200  100  200  
400  300  0  200  400  400  100  100  200  300  300  
100  300  400  0  100  400  100  400  300  200  100  
400  100  100  200  0  300  300  200  300  100  100  
100  300  100  300  400  0  300  400  100  300  100  
300  400  400  100  400  200  0  100  100  400  100  
200  300  200  200  100  300  400  0  100  200  400  
100  400  300  300  200  400  200  200  0  300  300  
200  100  400  100  400  200  100  100  300  0  100  
400  200  300  300  200  200  300  100  200  200  0  
