1 2 1
1 4 1
1 5 1
1 13 1
2 1 1
2 3 1
2 6 1
3 2 1
3 4 1
3 5 1
4 1 1
4 3 1
4 6 1
4 13 1
5 1 1
5 3 1
5 6 1
5 14 1
6 2 1
6 4 1
6 5 1
6 7 1
7 6 1
7 8 1
7 9 1
7 12 1
7 13 1
7 19 1
7 23 1
8 7 1
8 9 1
9 7 1
9 8 1
9 10 1
10 9 1
10 11 1
11 10 1
11 12 1
12 7 1
12 11 1
13 1 1
13 4 1
13 7 1
13 14 1
13 15 1
13 21 1
13 24 1
14 5 1
14 13 1
14 15 1
14 24 1
15 13 1
15 14 1
15 16 1
16 15 1
16 17 1
17 16 1
17 18 1
18 17 1
18 19 1
18 20 1
19 7 1
19 18 1
19 20 1
19 21 1
20 18 1
20 19 1
20 21 1
21 13 1
21 19 1
21 20 1
21 22 1
21 23 1
22 21 1
22 23 1
23 7 1
23 21 1
23 22 1
24 13 1
24 14 1
